38.144678725 -76.431121476 200.0000064 -2.0
38.1432254879 -76.4321636702 200.0000064 1.05
38.1458883994 -76.4239677113 200.0000064 1.05
38.1421803727 -76.4320978248 200.0000064 -2.0
38.1442479613 -76.4238831759 200.0000064 1.05
38.1421119733 -76.4262892734 200.0000064 -2.0
38.1420045054 -76.4285206672 200.0000064 1.05
38.1438064387 -76.4238281342 200.0000064 1.05
38.1418263742 -76.4319725077 200.0000064 -2.0
38.1452894531 -76.4245827949 200.0000064 1.05
38.14523199 -76.4283964005 200.0000064 0.0
