40.248055 -111.660800 328.100000
40.249167 -111.661031 328.100000
40.250170 -111.661700 328.100000
40.250966 -111.662743 328.100000
40.251477 -111.664056 328.100000
40.251653 -111.665513 328.100000
40.251477 -111.666969 328.100000
40.250966 -111.668283 328.100000
40.250170 -111.669326 328.100000
40.249167 -111.669995 328.100000
40.248055 -111.670226 328.100000
40.246944 -111.669995 328.100000
40.245941 -111.669326 328.100000
40.245145 -111.668283 328.100000
40.244634 -111.666969 328.100000
40.244458 -111.665513 328.100000
40.244634 -111.664056 328.100000
40.245145 -111.662743 328.100000
40.245941 -111.661700 328.100000
40.246944 -111.661031 328.100000
